REPORT ID : EIBMRB01                                                                                                                 
DAILY TOTAL OUTSTANDING BALANCE/ACCOUNT ON FCY FD                                                                                    
AS AT 30/09/26                                                                                                                       
                                                                                                                                     
----------------------------------------------------------------------------------------------------------------------               
|DATE          |                                     OUTSTANDING AMOUNT (RM 000)                                     |               
|              |-----------------------------------------------------------------------------------------------------|               
|              |      AUD       |      CAD       |      CNY       |      EUR       |      GBP       |      HKD       |               
|--------------+----------------+----------------+----------------+----------------+----------------+----------------|               
|01/09/26      |       1,202,778|          17,360|         224,618|         134,789|         265,956|          38,371|               
|--------------+----------------+----------------+----------------+----------------+----------------+----------------|               
|02/09/26      |       1,201,070|          17,302|         218,912|         137,776|         265,669|          38,414|               
|--------------+----------------+----------------+----------------+----------------+----------------+----------------|               
|03/09/26      |       1,219,431|          17,450|         228,009|         138,069|         265,299|          38,147|               
|--------------+----------------+----------------+----------------+----------------+----------------+----------------|               
|04/09/26      |       1,222,361|          17,471|         228,623|          81,915|         265,609|          38,163|               
|--------------+----------------+----------------+----------------+----------------+----------------+----------------|               
|05/09/26      |       1,222,537|          17,472|         228,627|          81,918|         265,623|          38,163|               
|--------------+----------------+----------------+----------------+----------------+----------------+----------------|               
|06/09/26      |       1,222,628|          17,472|         228,636|          81,955|         265,647|          38,164|               
|--------------+----------------+----------------+----------------+----------------+----------------+----------------|               
|07/09/26      |       1,228,663|          17,449|         222,709|          57,332|         266,102|          38,185|               
|--------------+----------------+----------------+----------------+----------------+----------------+----------------|               
|08/09/26      |       1,230,233|          17,544|         223,511|          57,466|         266,026|          38,331|               
|--------------+----------------+----------------+----------------+----------------+----------------+----------------|               
|09/09/26      |       1,234,613|          17,596|         223,628|          57,570|         266,678|          38,373|               
|--------------+----------------+----------------+----------------+----------------+----------------+----------------|               
|10/09/26      |       1,231,932|          17,550|         223,461|          57,546|         266,309|          38,355|               
|--------------+----------------+----------------+----------------+----------------+----------------+----------------|               
|11/09/26      |       1,226,834|          17,526|         218,602|          57,448|         265,571|          38,438|               
|--------------+----------------+----------------+----------------+----------------+----------------+----------------|               
|12/09/26      |       1,226,934|          17,529|         218,604|          57,449|         265,593|          38,492|               
|--------------+----------------+----------------+----------------+----------------+----------------+----------------|               
|13/09/26      |       1,227,085|          17,529|         218,611|          57,462|         265,610|          38,494|               
|--------------+----------------+----------------+----------------+----------------+----------------+----------------|               
|14/09/26      |       1,222,106|          17,497|         218,827|          50,209|         265,040|          38,549|               
|--------------+----------------+----------------+----------------+----------------+----------------+----------------|               
|15/09/26      |       1,226,248|          17,521|         218,361|          47,684|         265,466|          38,627|               
|--------------+----------------+----------------+----------------+----------------+----------------+----------------|               
|16/09/26      |       1,226,324|          17,521|         218,365|          47,685|         265,474|          38,629|               
|--------------+----------------+----------------+----------------+----------------+----------------+----------------|               
|17/09/26      |       1,275,286|          17,473|         210,276|          46,901|         264,749|          39,404|               
|--------------+----------------+----------------+----------------+----------------+----------------+----------------|               
|18/09/26      |       1,272,413|          17,387|         215,812|          51,886|         262,931|          39,248|               
|--------------+----------------+----------------+----------------+----------------+----------------+----------------|               
|19/09/26      |       1,272,534|          17,387|         215,822|          51,886|         262,944|          39,248|               
|--------------+----------------+----------------+----------------+----------------+----------------+----------------|               
|20/09/26      |       1,272,683|          17,387|         215,824|          51,891|         262,956|          39,250|               
|--------------+----------------+----------------+----------------+----------------+----------------+----------------|               
|21/09/26      |       1,271,576|          17,353|         215,458|          56,499|         262,480|          39,211|               
|--------------+----------------+----------------+----------------+----------------+----------------+----------------|               
|22/09/26      |       1,267,555|          17,319|         214,847|          56,381|         261,683|          39,204|               
|--------------+----------------+----------------+----------------+----------------+----------------+----------------|               
|23/09/26      |       1,264,448|          17,285|         214,887|          56,232|         260,692|          39,246|               
|--------------+----------------+----------------+----------------+----------------+----------------+----------------|               
|24/09/26      |       1,256,805|          17,280|         214,743|          56,132|         259,293|          39,251|               
----------------------------------------------------------------------------------------------------------------------               
                                                                                                                                     
(Continued)                                                                                                                          
REPORT ID : EIBMRB01                                                                                                                 
DAILY TOTAL OUTSTANDING BALANCE/ACCOUNT ON FCY FD                                                                                    
AS AT 30/09/26                                                                                                                       
                                                                                                                                     
----------------------------------------------------------------------------------------------------------------------               
|DATE          |                                     OUTSTANDING AMOUNT (RM 000)                                     |               
|              |-----------------------------------------------------------------------------------------------------|               
|              |      AUD       |      CAD       |      CNY       |      EUR       |      GBP       |      HKD       |               
|--------------+----------------+----------------+----------------+----------------+----------------+----------------|               
|25/09/26      |       1,253,389|          18,237|         214,114|          56,075|         258,822|          39,129|               
|--------------+----------------+----------------+----------------+----------------+----------------+----------------|               
|26/09/26      |       1,253,527|          18,238|         214,122|          56,085|         258,839|          39,129|               
|--------------+----------------+----------------+----------------+----------------+----------------+----------------|               
|27/09/26      |       1,253,718|          18,240|         214,132|          56,094|         258,869|          39,130|               
|--------------+----------------+----------------+----------------+----------------+----------------+----------------|               
|28/09/26      |       1,254,696|          18,375|         208,555|          37,589|         260,167|          39,228|               
|--------------+----------------+----------------+----------------+----------------+----------------+----------------|               
|29/09/26      |       1,249,887|          18,290|         208,568|          37,463|         259,182|          39,192|               
|--------------+----------------+----------------+----------------+----------------+----------------+----------------|               
|30/09/26      |       1,250,028|          18,304|         220,063|          38,373|         260,031|          39,026|               
----------------------------------------------------------------------------------------------------------------------               
                                                                                                                                     
(Continued)                                                                                                                          
REPORT ID : EIBMRB01                                                                                                                 
DAILY TOTAL OUTSTANDING BALANCE/ACCOUNT ON FCY FD                                                                                    
AS AT 30/09/26                                                                                                                       
                                                                                                                                     
----------------------------------------------------------------------------------------------------------------------               
|DATE          |                    OUTSTANDING AMOUNT (RM 000)                    |                |                |               
|              |-------------------------------------------------------------------|                |                |               
|              |      JPY       |      NZD       |      SGD       |      USD       | TOT AMT O/S RM |   NO OF ACCT   |               
|--------------+----------------+----------------+----------------+----------------+----------------+----------------|               
|01/09/26      |         133,488|         156,857|       1,352,971|      24,653,564|      28,180,754|           39449|               
|--------------+----------------+----------------+----------------+----------------+----------------+----------------|               
|02/09/26      |         134,063|         154,652|       1,353,845|      24,710,164|      28,231,867|           39433|               
|--------------+----------------+----------------+----------------+----------------+----------------+----------------|               
|03/09/26      |         136,875|         156,000|       1,361,389|      24,819,754|      28,380,422|           39423|               
|--------------+----------------+----------------+----------------+----------------+----------------+----------------|               
|04/09/26      |         137,023|         156,455|       1,364,575|      24,629,205|      28,141,401|           39429|               
|--------------+----------------+----------------+----------------+----------------+----------------+----------------|               
|05/09/26      |         137,023|         156,462|       1,364,586|      24,629,801|      28,142,210|           39429|               
|--------------+----------------+----------------+----------------+----------------+----------------+----------------|               
|06/09/26      |         137,023|         156,467|       1,364,605|      24,629,985|      28,142,582|           39429|               
|--------------+----------------+----------------+----------------+----------------+----------------+----------------|               
|07/09/26      |         138,975|         156,656|       1,367,099|      24,621,757|      28,114,927|           39416|               
|--------------+----------------+----------------+----------------+----------------+----------------+----------------|               
|08/09/26      |          87,035|         156,187|       1,371,616|      24,986,978|      28,434,927|           39398|               
|--------------+----------------+----------------+----------------+----------------+----------------+----------------|               
|09/09/26      |          87,609|         155,957|       1,376,819|      24,906,036|      28,364,880|           39389|               
|--------------+----------------+----------------+----------------+----------------+----------------+----------------|               
|10/09/26      |          87,603|         155,719|       1,374,464|      24,765,381|      28,218,320|           39375|               
|--------------+----------------+----------------+----------------+----------------+----------------+----------------|               
|11/09/26      |          87,489|         155,423|       1,373,136|      24,799,717|      28,240,186|           39362|               
|--------------+----------------+----------------+----------------+----------------+----------------+----------------|               
|12/09/26      |          87,489|         155,433|       1,373,221|      24,800,013|      28,240,755|           39362|               
|--------------+----------------+----------------+----------------+----------------+----------------+----------------|               
|13/09/26      |          87,489|         155,448|       1,373,253|      24,811,956|      28,252,936|           39362|               
|--------------+----------------+----------------+----------------+----------------+----------------+----------------|               
|14/09/26      |          87,427|         154,316|       1,357,890|      24,437,266|      27,849,126|           39341|               
|--------------+----------------+----------------+----------------+----------------+----------------+----------------|               
|15/09/26      |          87,318|         154,156|       1,358,307|      24,278,802|      27,692,490|           39341|               
|--------------+----------------+----------------+----------------+----------------+----------------+----------------|               
|16/09/26      |          87,319|         154,163|       1,358,333|      24,281,301|      27,695,114|           39341|               
|--------------+----------------+----------------+----------------+----------------+----------------+----------------|               
|17/09/26      |          87,354|         153,760|       1,360,011|      24,549,156|      28,004,369|           39343|               
|--------------+----------------+----------------+----------------+----------------+----------------+----------------|               
|18/09/26      |          85,737|         152,626|       1,353,606|      23,950,891|      27,402,538|           39347|               
|--------------+----------------+----------------+----------------+----------------+----------------+----------------|               
|19/09/26      |          85,738|         152,634|       1,353,622|      23,951,144|      27,402,960|           39347|               
|--------------+----------------+----------------+----------------+----------------+----------------+----------------|               
|20/09/26      |          85,738|         152,646|       1,353,635|      23,958,046|      27,410,056|           39347|               
|--------------+----------------+----------------+----------------+----------------+----------------+----------------|               
|21/09/26      |          86,022|         152,843|       1,353,314|      24,232,979|      27,687,734|           39337|               
|--------------+----------------+----------------+----------------+----------------+----------------+----------------|               
|22/09/26      |          86,036|         153,066|       1,352,894|      24,104,163|      27,553,149|           39331|               
|--------------+----------------+----------------+----------------+----------------+----------------+----------------|               
|23/09/26      |          85,726|         152,246|       1,347,308|      24,165,715|      27,603,786|           39325|               
|--------------+----------------+----------------+----------------+----------------+----------------+----------------|               
|24/09/26      |          85,419|         151,618|       1,345,229|      24,413,847|      27,839,616|           39314|               
----------------------------------------------------------------------------------------------------------------------               
                                                                                                                                     
(Continued)                                                                                                                          
REPORT ID : EIBMRB01                                                                                                                 
DAILY TOTAL OUTSTANDING BALANCE/ACCOUNT ON FCY FD                                                                                    
AS AT 30/09/26                                                                                                                       
                                                                                                                                     
----------------------------------------------------------------------------------------------------------------------               
|DATE          |                    OUTSTANDING AMOUNT (RM 000)                    |                |                |               
|              |-------------------------------------------------------------------|                |                |               
|              |      JPY       |      NZD       |      SGD       |      USD       | TOT AMT O/S RM |   NO OF ACCT   |               
|--------------+----------------+----------------+----------------+----------------+----------------+----------------|               
|25/09/26      |          85,557|         150,990|       1,344,112|      24,303,110|      27,723,534|           39330|               
|--------------+----------------+----------------+----------------+----------------+----------------+----------------|               
|26/09/26      |          85,557|         150,998|       1,344,141|      24,303,400|      27,724,036|           39330|               
|--------------+----------------+----------------+----------------+----------------+----------------+----------------|               
|27/09/26      |          85,557|         151,013|       1,344,257|      24,310,358|      27,731,369|           39330|               
|--------------+----------------+----------------+----------------+----------------+----------------+----------------|               
|28/09/26      |          86,275|         151,260|       1,306,491|      24,263,487|      27,626,122|           39299|               
|--------------+----------------+----------------+----------------+----------------+----------------+----------------|               
|29/09/26      |          85,971|         150,714|       1,304,176|      24,262,292|      27,615,735|           39316|               
|--------------+----------------+----------------+----------------+----------------+----------------+----------------|               
|30/09/26      |          86,222|         150,851|       1,305,751|      24,637,755|      28,006,405|           39330|               
----------------------------------------------------------------------------------------------------------------------               
