From BNKCHEQ_RPT_QRTR.txt

02000000901 00016 0000811 015 28/08/15        310 001                148800.00 500
02000001605 10014 0000002 005 06/10/15        310 001                391036.96 005
02000001605 10014 0000002 005 24/11/15        750 001                147672.64 500
02000002928 00010 0000800 015 16/06/17        310 001                 48000.00 500
02000002928 00015 0000064 025 17/05/16        310 001                  4199.00 005
02000002928 30010 0000064 061 03/10/11        310 001                 34700.70 500
02000002928 30010 0000064 061 19/10/11        750 001                 55400.00 500
02000003110 00016 0000811 020 28/08/12        310 001                  4900.00 500
02000003110 00017 0000811 015 20/01/16        310 001                 33000.00 500
02000003304 00016 0000002 005 21/02/12        310 001                 33447.08 500


From LN_BNM_BNKCHEQ_RPT.TXT
02000096203 20011 0000002 246 30062026        753 001                    54.00 001                                                                                                                                                                                                                                                                                                                                                                                                                                  
02000977030 30010 0000010 246 30062026        753 002                    55.30 001                                                                                                                                                                                                                                                                                                                                                                                                                                  
02001384114 20010 0000014 359 23062026        753 001                    54.00 001                                                                                                                                                                                                                                                                                                                                                                                                                                  
02001786619 20010 0000018 247 30062026        753 001                    54.00 001                                                                                                                                                                                                                                                                                                                                                                                                                                  
02002078024 00010 0000020 247 23062026        753 001                    54.00 001                                                                                                                                                                                                                                                                                                                                                                                                                                  
02002248023 30010 0000022 246 30062026        753 001                    54.00 001                                                                                                                                                                                                                                                                                                                                                                                                                                  
02002260012 30010 0000022 247 30062026        753 001                    54.00 001                                                                                                                                                                                                                                                                                                                                                                                                                                  
02002280617 20010 0000022 247 30062026        753 003                    54.00 001                                                                                                                                                                                                                                                                                                                                                                                                                                  
02002452606 20010 0000024 247 30062026        753 001                    55.30 001                                                                                                                                                                                                                                                                                                                                                                                                                                  
02002628515 30010 0000025 359 30062026        753 001                    54.00 001                                                                                                                                                                                                                                                                                                                                                                                                                                  
