TOP 100 LARGEST FD+CA INDIVIDUAL CUSTOMERS AS AT 30/09/26

DEPOSITOR                          TOTAL BALANCE        FD BALANCE        CA BALANCE
LEE THIAM WAH                     375,000,000.00    375,000,000.00              0.00
LIM PANG SENG                     101,108,280.44    101,000,000.00        108,280.44
TEO CHEE CHEONG                    91,022,199.20     91,000,000.00         22,199.20
GOH TONG HUAT                      77,929,169.95     71,467,136.59      6,462,033.36
TING SII LIONG                     73,515,558.33     69,372,553.71      4,143,004.62
EIICHI NISHIMURA                   73,037,852.54     73,037,852.54              0.00
HWANG LIP TEIK                     72,626,469.45     69,957,379.12      2,669,090.33
SAW HUAT LEONG                     57,429,625.21     57,147,649.72        281,975.49
OOI MOOI HOON                      54,622,710.94     54,622,710.94              0.00
OOI MOOI SEE                       54,622,710.94     54,622,710.94              0.00
CHEAH FOOK LING                    54,098,517.62     52,240,310.11      1,858,207.51
LEONG YUET YENG                    50,330,776.81     49,720,082.28        610,694.53
CHEW CHIAW ANN                     48,810,119.82     18,381,532.98     30,428,586.84
YAP AH CHOOI YAP MOON FONGYAP      44,927,710.11     44,927,710.11              0.00
TEY KOK YEW                        42,824,726.03     31,464,916.77     11,359,809.26
MIKA NISHIMURA                     39,693,268.55     39,685,957.97          7,310.58
NG CHEEN KONG                      38,612,732.48     37,200,000.00      1,412,732.48
OOI KOK KEE                        36,697,479.16     33,676,453.55      3,021,025.61
LI WEI                             35,876,640.82     35,787,906.97         88,733.85
KONG CHO HA                        34,335,215.79     33,970,576.68        364,639.11
ALVIN SIM POH CHIAT                34,009,406.92              0.00     34,009,406.92
TAY HWEE TIN                       33,891,229.84     29,608,727.16      4,282,502.68
LEE CHENG BAN                      32,067,882.26     31,723,382.81        344,499.45
NG KIAN CHAI                       30,816,938.05     30,747,822.89         69,115.16
CHAN SOO TECK                      30,029,546.00     30,019,208.40         10,337.60
CHAI YOOK YEE                      28,482,162.28     26,791,899.53      1,690,262.75
CHANG KAT KIAM                     27,606,319.08     27,605,212.40          1,106.68
LIM YEW LOONG                      27,230,416.11     26,396,648.73        833,767.38
OON KIM WOON                       26,932,598.37     26,893,878.90         38,719.47
HU CHANG LIK HII CHANG LIK         26,347,250.33     26,341,367.82          5,882.51
JONG SENG CHIN                     25,367,548.58     25,251,425.91        116,122.67
PHOR LI WEI                        25,147,087.61     24,610,207.04        536,880.57
CHEN OYAN YUN SHAI                 25,132,020.73     24,001,131.99      1,130,888.74
TEO CHIT MING                      24,810,866.85     24,145,876.49        664,990.36
LI ZHIDE                           24,425,072.28     24,425,072.28              0.00
TIEN CHIN HSIANG                   23,763,325.84     22,980,955.43        782,370.41
PAPPATHI A/P SINNOO                23,000,716.41     23,000,716.41              0.00
CHAN HENG KOON                     22,542,037.57     21,282,808.00      1,259,229.57
GOH WOON HUI                       22,377,210.53     22,371,000.00          6,210.53
CHRISTOPHER SHUN KONG LENG         22,000,637.25     22,000,000.00            637.25
TAY POW @ TAY TEN HRI              21,691,708.59     15,350,000.00      6,341,708.59
BONG KUET TSIN                     21,375,109.73     19,991,593.44      1,383,516.29
SUSIE NG                           20,402,819.46     18,389,487.31      2,013,332.15
CHIEW MANG HEE                     20,124,722.99     19,502,908.16        621,814.83
SIM YEE BEE                        19,297,511.66     19,044,104.41        253,407.25
NG SOO MAY                         19,044,604.33     18,894,639.06        149,965.27
CHIONG CHUNG CHING                 18,709,849.31     18,663,240.95         46,608.36
LIEW WHAI HIN                      18,423,061.14     17,946,836.02        476,225.12
KONG HOCK SIAN                     18,405,269.13     18,405,062.92            206.21
LAW SIEW CHOO                      18,341,563.42     18,108,469.27        233,094.15
SUNG YONG HUNG                     18,183,854.66     18,114,164.03         69,690.63
LAU SIE CHUONG                     18,097,609.44     17,223,750.73        873,858.71
TING SIK KANG                      17,929,412.39     15,776,668.90      2,152,743.49
YONG KON LOY                       17,378,126.19     16,035,273.63      1,342,852.56
SO BEE HWE                         17,358,390.72     17,340,513.49         17,877.23
TING BING YEE                      17,318,724.82     17,000,000.00        318,724.82
CHAI MOOI CHONG                    16,702,943.34     10,285,747.44      6,417,195.90
KOH GEOK LIAN                      16,448,908.38     16,235,198.70        213,709.68
TAN SRI MURUGAN A/L DORAISAMY      16,446,596.33     14,272,210.44      2,174,385.89
TAN ENG BOON                       16,342,314.50     15,912,258.46        430,056.04
LIM KECK ENG                       16,338,386.31     14,232,258.85      2,106,127.46
KENG CHIN ENG                      16,338,280.83     16,170,663.14        167,617.69
LEONG YOKE LAN                     16,260,281.40     16,260,281.40              0.00
EDWIN WONG SIEW HUANG              16,145,028.26     16,080,967.30         64,060.96
LOGENDRAN A/L K NARAYANASAMY       16,102,234.45     15,884,033.64        218,200.81
LIM SOON KENG                      15,819,173.17     15,169,263.00        649,910.17
LEONG KUM SUON                     15,785,812.16     15,755,657.50         30,154.66
CHONG CHOW YUEN                    15,774,556.88     15,698,550.67         76,006.21
TAN SIN SIN                        15,572,985.43     15,572,985.43              0.00
WEE KAI LI                         15,475,538.29     14,148,040.59      1,327,497.70
WONG WOON THEN                     15,373,085.01     10,000,000.00      5,373,085.01
RAYVIN TAN YEONG SHEIK             14,950,780.97     13,981,468.39        969,312.58
CHEE CHIAN CHOY                    14,921,511.20     14,316,009.03        605,502.17
SOH PONG SUN                       14,770,247.71     12,526,939.70      2,243,308.01
LEE CHOO TED                       14,511,657.22     13,690,000.00        821,657.22
FRANCESCA CHAN YOKE LAN            14,501,879.36     14,365,883.21        135,996.15
LAM YIN CHON                       14,400,392.82     14,365,883.21         34,509.61
LIM SIEW SOOI                      14,211,440.35              0.00     14,211,440.35
CHIENG KUNG SIONG                  14,195,425.58     13,993,237.29        202,188.29
WONG YONG FOOK                     14,121,391.27         70,567.69     14,050,823.58
LEE LI YEN                         14,097,357.41     14,050,000.00         47,357.41
DOH TEE LEONG                      14,004,193.51      2,613,316.73     11,390,876.78
LIU JEN CHENG                      13,833,134.47     13,620,000.00        213,134.47
CHEN KING SEONG                    13,627,912.12     13,361,103.23        266,808.89
LAI FUI PIN                        13,204,119.52     13,133,950.43         70,169.09
KUAN MUN LEONG                     13,149,993.04     13,149,993.04              0.00
SIM LAI LING                       13,097,893.55     12,919,730.50        178,163.05
YAP KEONG WAH                      13,056,719.79     11,377,027.35      1,679,692.44
TAN CHEE YONG                      13,000,000.00     13,000,000.00              0.00
WONG CHEE KONG                     12,930,084.99     12,919,730.50         10,354.49
LIM MUI ENG                        12,873,013.70     12,132,400.00        740,613.70
LIM SAN CHOON @ LIM PANG MIN       12,815,000.00     12,815,000.00              0.00
LAW SENG PENG                      12,741,183.64     12,730,000.00         11,183.64
DATO MOHAMED YUNUS RAMLI BIN A     12,672,586.43              0.00     12,672,586.43
KHOO SWE SEM                       12,565,457.50     12,441,346.81        124,110.69
CHAN YOKE CHUN                     12,507,149.45     11,510,657.38        996,492.07
UNG LAY TING                       12,356,310.97     12,146,995.60        209,315.37
YONG BOON LENG                     12,345,323.68     12,345,323.68              0.00
TANG TOH LIAT                      12,324,051.66     12,300,000.00         24,051.66
CHAN LI LIAN                       12,300,749.79     12,278,439.56         22,310.23
TOTAL                           2,926,197,461.50  2,720,100,615.38    206,096,846.12
